5.498943359375000000e+03 -4.197891460881979423e-19
5.501231702566146851e+03 6.267295211227462019e-19
5.503520045757293701e+03 9.293637845853517205e-19
5.505808388948440552e+03 4.217143831145209719e-19
5.508096732139587402e+03 -3.578522658138824622e-19
5.510385075330734253e+03 -8.490512679489297266e-19
5.512673418521881104e+03 -3.769842554485921507e-19
5.514961761713027954e+03 -1.749686423625461239e-19
5.517250104904174805e+03 -2.314897204273537516e-18
5.519538448095321655e+03 -3.818997348796578900e-18
5.521826791286468506e+03 -3.515224729714735562e-19
5.524115134477615356e+03 4.075831965910618675e-18
5.526403477668762207e+03 3.774923924988834756e-18
5.528691820859909058e+03 2.022886111225220825e-18
5.530980164051055908e+03 3.264882911722565924e-18
5.533268507242202759e+03 4.610332503094927397e-18
5.535556850433349609e+03 2.933970341646492894e-18
5.537845193624496460e+03 7.969663931134563712e-19
5.540133536815643311e+03 5.630821088898534875e-19
5.542421880006790161e+03 1.700060885998078746e-19
5.544710223197937012e+03 -1.543593469279079414e-18
5.546998566389083862e+03 -7.121148262632262071e-19
5.549286909580230713e+03 4.001863407584595558e-18
5.551575252771377563e+03 6.426816992358313406e-18
5.553863595962524414e+03 3.164153613014380394e-18
5.556151939153671265e+03 -3.387882394062516618e-18
5.558440282344818115e+03 -8.620222871343737536e-18
5.560728625535964966e+03 -3.246754421417853769e-18
5.563016968727111816e+03 1.130186383508246072e-17
5.565305311918258667e+03 1.755694324302373963e-17
5.567593655109405518e+03 1.095348183085472716e-17
5.569881998300552368e+03 2.074118990029764562e-18
5.572170341491699219e+03 -3.432767075256022144e-18
5.574458684682846069e+03 -3.980359193200054497e-18
5.576747027873992920e+03 -1.066995885166212336e-18
5.579035371065139771e+03 8.356494427607104259e-19
5.581323714256286621e+03 8.635553113033759367e-19
5.583612057447433472e+03 4.804648602717056202e-19
5.585900400638580322e+03 5.284012692388606881e-19
5.588188743829727173e+03 1.590811626980597031e-18
5.590477087020874023e+03 3.584084672276419465e-18
5.592765430212020874e+03 6.046641060516185398e-18
5.595053773403167725e+03 7.043389976329827258e-18
5.597342116594314575e+03 4.617206787575549334e-18
5.599630459785461426e+03 7.489420962062175442e-19
5.601918802976608276e+03 -1.779364966070222030e-18
5.604207146167755127e+03 -1.763474206117618954e-18
5.606495489358901978e+03 1.017275092521415534e-18
5.608783832550048828e+03 2.892362950039922464e-18
5.611072175741195679e+03 8.147390406584058702e-19
5.613360518932342529e+03 -2.310467445298162915e-18
5.615648862123489380e+03 -3.544343193336615527e-18
5.617937205314636230e+03 -2.489855416405547229e-18
5.620225548505783081e+03 4.129230041667308246e-19
5.622513891696929932e+03 2.825983773834073375e-18
5.624802234888076782e+03 3.251359542683089613e-18
5.627090578079223633e+03 2.521605296652323229e-18
5.629378921270370483e+03 1.860171619725067889e-18
5.631667264461517334e+03 3.390138942773561278e-18
5.633955607652664185e+03 6.565617899144711450e-18
5.636243950843811035e+03 6.299080867035730937e-18
5.638532294034957886e+03 2.013033356153948574e-18
5.640820637226104736e+03 -1.074918310880515528e-18
5.643108980417251587e+03 -1.078077727230161817e-18
5.645397323608398438e+03 5.069932146005289171e-19
5.647685666799545288e+03 2.881586647814734757e-18
5.649974009990692139e+03 5.725083696372933973e-18
5.652262353181838989e+03 7.423464578546917520e-18
5.654550696372985840e+03 5.702253511466470409e-18
5.656839039564132690e+03 1.910279119306233232e-18
5.659127382755279541e+03 -6.510513711675842975e-19
5.661415725946426392e+03 -1.499945526498917233e-18
5.663704069137573242e+03 -1.466442850534141368e-18
5.665992412328720093e+03 -1.780601523537806380e-19
5.668280755519866943e+03 2.825467613131840286e-18
5.670569098711013794e+03 5.396901029113439072e-18
5.672857441902160645e+03 5.137780084786302729e-18
5.675145785093307495e+03 2.883430846990421733e-18
5.677434128284454346e+03 2.596983422440924990e-19
5.679722471475601196e+03 -9.113356933274881897e-19
5.682010814666748047e+03 5.183759953110828464e-19
5.684299157857894897e+03 1.795404618533084652e-18
5.686587501049041748e+03 6.419853682564265450e-19
5.688875844240188599e+03 -7.834794717197206778e-19
5.691164187431335449e+03 -7.676710679368549122e-19
5.693452530622482300e+03 -5.136441086169732515e-19
5.695740873813629150e+03 -7.099358257346083940e-19
5.698029217004776001e+03 -1.914060265283789690e-19
5.700317560195922852e+03 1.187136114321296921e-18
5.702605903387069702e+03 1.185867632851946853e-18
5.704894246578216553e+03 -4.315289327812509298e-19
5.707182589769363403e+03 -1.553987381416720341e-19
5.709470932960510254e+03 2.146504945048820599e-18
5.711759276151657104e+03 1.605601409537892027e-18
5.714047619342803955e+03 -1.553947082211252523e-18
5.716335962533950806e+03 -1.295403199758948486e-18
5.718624305725097656e+03 2.175981732972300878e-18
5.720912648916244507e+03 3.254122119133863587e-18
5.723200992107391357e+03 1.327910467254093351e-18
5.725489335298538208e+03 -1.010690631447916865e-18
5.727777678489685059e+03 -1.351038023590769728e-18
5.730066021680831909e+03 2.825973434076416462e-18
5.732354364871978760e+03 7.303155294354142410e-18
5.734642708063125610e+03 4.944937814220590281e-18
5.736931051254272461e+03 -6.958254169541608560e-19
5.739219394445419312e+03 -2.381806189661726819e-18
5.741507737636566162e+03 -1.267826859292808787e-18
5.743796080827713013e+03 -7.442035403684192406e-19
5.746084424018859863e+03 4.022745013461825611e-19
5.748372767210006714e+03 3.712462689754343083e-18
5.750661110401153564e+03 5.582313563417200226e-18
5.752949453592300415e+03 2.825614437690568448e-18
5.755237796783447266e+03 -2.848989682921916173e-19
5.757526139974594116e+03 1.595052892173886111e-19
5.759814483165740967e+03 1.300364939265771253e-18
5.762102826356887817e+03 6.974952878157522806e-19
5.764391169548034668e+03 2.087945553075484235e-20
5.766679512739181519e+03 2.988433464140632773e-19
5.768967855930328369e+03 1.479672053468278509e-19
5.771256199121475220e+03 -1.086712148656720027e-18
5.773544542312622070e+03 -2.474655352264425931e-18
5.775832885503768921e+03 -3.094339569314904858e-18
5.778121228694915771e+03 -1.938862552168156241e-18
5.780409571886062622e+03 6.288604417782593703e-19
5.782697915077209473e+03 2.260892650031481722e-18
5.784986258268356323e+03 1.843607121163540372e-18
5.787274601459503174e+03 -4.635385735897627223e-19
5.789562944650650024e+03 -2.631506167197343592e-18
5.791851287841796875e+03 -5.971131464708975990e-19
5.794139631032943726e+03 4.287458267416491552e-18
5.796427974224090576e+03 6.405733399315255560e-18
5.798716317415237427e+03 5.012046150136404863e-18
5.801004660606384277e+03 2.409863122063759826e-18
5.803293003797531128e+03 1.810242119071966301e-19
5.805581346988677979e+03 -4.143237828353010924e-19
5.807869690179824829e+03 5.346161873737012924e-19
5.810158033370971680e+03 2.245122244858005111e-18
5.812446376562118530e+03 2.991725332785864116e-18
5.814734719753265381e+03 1.048938945984486019e-18
5.817023062944412231e+03 -1.090310074128595990e-18
5.819311406135559082e+03 -2.841750818586311490e-19
5.821599749326705933e+03 1.343213101791171225e-18
5.823888092517852783e+03 1.235318661219474800e-18
5.826176435708999634e+03 2.028470200745413176e-18
5.828464778900146484e+03 5.880058052086275090e-18
5.830753122091293335e+03 8.985691118304366435e-18
5.833041465282440186e+03 8.187014322479303541e-18
5.835329808473587036e+03 5.094601256811034684e-18
5.837618151664733887e+03 1.619978428969523063e-18
5.839906494855880737e+03 -9.239724281478842243e-19
5.842194838047027588e+03 -1.682826267742806707e-18
5.844483181238174438e+03 -9.442188110134618371e-19
5.846771524429321289e+03 5.006389682312614122e-19
5.849059867620468140e+03 1.015804778982602527e-18
5.851348210811614990e+03 4.240874091955707546e-19
5.853636554002761841e+03 1.124593918784351621e-18
5.855924897193908691e+03 3.492083163006434068e-18
5.858213240385055542e+03 5.310512353889932245e-18
5.860501583576202393e+03 5.373860326741080763e-18
5.862789926767349243e+03 3.292030772631403154e-18
5.865078269958496094e+03 5.923004545706992303e-19
5.867366613149642944e+03 6.383340896350409117e-19
5.869654956340789795e+03 2.442151083299001570e-18
5.871943299531936646e+03 2.018029113463462584e-18
5.874231642723083496e+03 -3.041468924596294411e-19
5.876519985914230347e+03 -1.953673014240765064e-18
5.878808329105377197e+03 -1.870598024551145665e-18
5.881096672296524048e+03 2.777257097189200459e-19
5.883385015487670898e+03 2.828157397688709594e-18
5.885673358678817749e+03 3.530209571800228219e-18
5.887961701869964600e+03 1.894276689970935497e-18
5.890250045061111450e+03 -1.701125674241587631e-18
5.892538388252258301e+03 -4.557637375762543046e-18
5.894826731443405151e+03 -4.026397170962612082e-18
5.897115074634552002e+03 -8.015644833434855138e-19
5.899403417825698853e+03 3.379156465780694729e-18
5.901691761016845703e+03 4.449666731176915173e-18
5.903980104207992554e+03 3.882403224290606131e-20
5.906268447399139404e+03 -3.765972176399785891e-18
5.908556790590286255e+03 -2.332885487464421933e-18
5.910845133781433105e+03 1.143018126158051483e-18
5.913133476972579956e+03 3.627419837387460032e-18
5.915421820163726807e+03 4.006776860423160542e-18
5.917710163354873657e+03 2.013294124842055916e-18
5.919998506546020508e+03 -7.834298408829674962e-19
5.922286849737167358e+03 -2.922636519688444447e-18
5.924575192928314209e+03 -3.455769727320203014e-18
5.926863536119461060e+03 -2.359285577099511226e-18
5.929151879310607910e+03 -8.790069934470782091e-19
5.931440222501754761e+03 -6.546269239888301153e-20
5.933728565692901611e+03 -8.634813303373407253e-19
5.936016908884048462e+03 -2.146916674198718868e-18
5.938305252075195312e+03 -6.099926588010779473e-19
5.940593595266342163e+03 2.481423964421794218e-18
5.942881938457489014e+03 2.291138095539176902e-18
5.945170281648635864e+03 2.623744783208546818e-19
5.947458624839782715e+03 1.580089401687954979e-18
5.949746968030929565e+03 4.146859069978403226e-18
5.952035311222076416e+03 2.624577909181752570e-18
5.954323654413223267e+03 -7.680555518253272164e-19
5.956611997604370117e+03 -1.203400449718044259e-18
5.958900340795516968e+03 -4.386395065737274671e-19
5.961188683986663818e+03 -1.820734336455530327e-18
5.963477027177810669e+03 -2.417981486185661516e-18
5.965765370368957520e+03 1.205761533379000307e-18
5.968053713560104370e+03 4.830033328150236654e-18
5.970342056751251221e+03 3.966355439019838015e-18
5.972630399942398071e+03 7.759430291587500427e-19
5.974918743133544922e+03 -1.875238094197261873e-18
5.977207086324691772e+03 -2.541329625153803312e-18
5.979495429515838623e+03 -6.906826282907655446e-19
5.981783772706985474e+03 1.246028892393234833e-18
5.984072115898132324e+03 1.441374935275568726e-18
5.986360459089279175e+03 9.542268692447409189e-19
5.988648802280426025e+03 5.415164763448303647e-19
5.990937145471572876e+03 -1.841331960888713269e-19
5.993225488662719727e+03 -1.155528509139880043e-18
5.995513831853866577e+03 -1.635183662989472818e-18
5.997802175045013428e+03 -1.112355678224053007e-18
6.000090518236160278e+03 7.772567470678491043e-19
6.002378861427307129e+03 3.141675186663405005e-18
6.004667204618453979e+03 3.411803423401784488e-18
6.006955547809600830e+03 1.681991539107164133e-18
6.009243891000747681e+03 8.353841762780223268e-19
6.011532234191894531e+03 1.097146308301040488e-18
6.013820577383041382e+03 5.769009882031643678e-19
6.016108920574188232e+03 -6.170998463229218457e-19
6.018397263765335083e+03 -1.224112018280606381e-18
6.020685606956481934e+03 -9.378822973285759377e-19
6.022973950147628784e+03 9.235949752946186209e-20
6.025262293338775635e+03 1.078702351990215922e-18
6.027550636529922485e+03 9.998535314477065107e-19
6.029838979721069336e+03 3.306468383042903699e-19
6.032127322912216187e+03 3.749462698273690221e-20
6.034415666103363037e+03 -4.422434872661812597e-20
6.036704009294509888e+03 -3.098765657676311255e-19
6.038992352485656738e+03 -1.611883303452955285e-19
6.041280695676803589e+03 9.277234854306590666e-19
6.043569038867950439e+03 1.668932011596176932e-18
6.045857382059097290e+03 9.464702932432546093e-19
6.048145725250244141e+03 1.425060555451761931e-19
6.050434068441390991e+03 3.867742740402810829e-19
6.052722411632537842e+03 5.157436481079976895e-19
6.055010754823684692e+03 -3.705655665397279365e-19
6.057299098014831543e+03 -2.045478068115269117e-18
6.059587441205978394e+03 -3.720020225420933821e-18
6.061875784397125244e+03 -3.158258089993561827e-18
6.064164127588272095e+03 1.900354141027727445e-19
6.066452470779418945e+03 3.420999603861842773e-18
6.068740813970565796e+03 4.604757305766319991e-18
6.071029157161712646e+03 3.523881640114197558e-18
6.073317500352859497e+03 9.940863248194102326e-19
6.075605843544006348e+03 -7.067460621962390656e-19
6.077894186735153198e+03 -8.034899013155675394e-19
6.080182529926300049e+03 -2.555618704946562304e-19
6.082470873117446899e+03 2.288768688373307039e-19
6.084759216308593750e+03 3.784691221963072622e-20
6.087047559499740601e+03 -3.902370588795811950e-19
6.089335902690887451e+03 2.342974092407848365e-19
6.091624245882034302e+03 1.284501476273382426e-18
6.093912589073181152e+03 1.095555122995218170e-18
6.096200932264328003e+03 2.233362612292599386e-20
6.098489275455474854e+03 -7.384430545825999559e-19
6.100777618646621704e+03 -5.674145190468882545e-19
6.103065961837768555e+03 8.900381706985088170e-19
6.105354305028915405e+03 1.905995978094433654e-18
6.107642648220062256e+03 4.655547229352841581e-19
6.109930991411209106e+03 -8.459035355254357489e-19
6.112219334602355957e+03 9.215744315520929971e-19
6.114507677793502808e+03 2.797135849971286535e-18
6.116796020984649658e+03 1.686732524788011811e-18
6.119084364175796509e+03 -1.261348199789534478e-19
6.121372707366943359e+03 -3.122626974915110453e-19
6.123661050558090210e+03 6.186937716645232454e-19
6.125949393749237061e+03 1.826118868652944260e-18
6.128237736940383911e+03 2.094788785971392755e-18
6.130526080131530762e+03 9.030799138263261278e-19
6.132814423322677612e+03 -2.032795450620270531e-19
6.135102766513824463e+03 -8.202494206312015043e-20
6.137391109704971313e+03 1.432374383030379232e-18
6.139679452896118164e+03 3.526597274065209147e-18
6.141967796087265015e+03 3.468686772970677956e-18
6.144256139278411865e+03 9.704437451538430265e-19
6.146544482469558716e+03 -4.236382759723486029e-19
6.148832825660705566e+03 2.159111358529887736e-20
6.151121168851852417e+03 -4.774955920653699583e-19
6.153409512042999268e+03 -1.792975189074016409e-18
6.155697855234146118e+03 -9.949582765826176929e-19
6.157986198425292969e+03 1.054127849967031161e-18
6.160274541616439819e+03 6.078413171241923760e-19
6.162562884807586670e+03 -1.340926774578074656e-18
6.164851227998733521e+03 -9.049667128035595840e-19
6.167139571189880371e+03 8.765100453705103259e-19
6.169427914381027222e+03 6.187747836657651576e-19
6.171716257572174072e+03 -1.531060649023135353e-19
6.174004600763320923e+03 1.754079502310547942e-18
6.176292943954467773e+03 4.127336780341539220e-18
6.178581287145614624e+03 3.489479198438117137e-18
6.180869630336761475e+03 1.853846996761487439e-18
6.183157973527908325e+03 2.136771924371215398e-18
6.185446316719055176e+03 3.166037310064316776e-18
6.187734659910202026e+03 3.264794610192175888e-18
6.190023003101348877e+03 2.010642183798210909e-18
6.192311346292495728e+03 -3.959583311344866378e-19
6.194599689483642578e+03 -1.137301997932580354e-18
6.196888032674789429e+03 1.481211022997933417e-18
6.199176375865936279e+03 3.621836368252727095e-18
6.201464719057083130e+03 2.631503065270046518e-18
6.203753062248229980e+03 7.987346467691533216e-19
6.206041405439376831e+03 2.928213875441462734e-20
6.208329748630523682e+03 8.046580871356455528e-19
6.210618091821670532e+03 2.768341279258009365e-18
6.212906435012817383e+03 3.816821036604951884e-18
6.215194778203964233e+03 3.094964090677382394e-18
6.217483121395111084e+03 1.932630366638028593e-18
6.219771464586257935e+03 1.016091500462428720e-18
6.222059807777404785e+03 5.804302447595013584e-20
6.224348150968551636e+03 -3.439933457890451869e-19
6.226636494159698486e+03 1.400999008805936616e-18
6.228924837350845337e+03 3.976521075157808449e-18
6.231213180541992188e+03 3.644344779900907531e-18
6.233501523733139038e+03 8.742679723201853444e-19
6.235789866924285889e+03 -1.019726545664293001e-18
6.238078210115432739e+03 -1.547033196458804610e-18
6.240366553306579590e+03 -1.763277750722137610e-18
6.242654896497726440e+03 -1.156381125556269076e-18
6.244943239688873291e+03 1.285327726307746332e-18
6.247231582880020142e+03 3.257262096739114880e-18
6.249519926071166992e+03 1.716771588732875011e-18
6.251808269262313843e+03 -4.824245545404203119e-19
6.254096612453460693e+03 5.919284817889917907e-19
6.256384955644607544e+03 2.954889325747652687e-18
6.258673298835754395e+03 3.758850151325704322e-18
6.260961642026901245e+03 3.199545155907921098e-18
6.263249985218048096e+03 2.014784290715570195e-18
6.265538328409194946e+03 1.629665334327978432e-18
6.267826671600341797e+03 2.834208223869534991e-18
6.270115014791488647e+03 2.750760175723654177e-18
6.272403357982635498e+03 -2.434618466448363993e-19
6.274691701173782349e+03 -2.273931498027155097e-18
6.276980044364929199e+03 -1.148581639560506578e-18
6.279268387556076050e+03 -8.867463408273686877e-20
6.281556730747222900e+03 -8.286840650151310872e-19
6.283845073938369751e+03 -1.586362222465674295e-18
6.286133417129516602e+03 -1.332961128676765569e-18
6.288421760320663452e+03 -1.740451339827218819e-19
6.290710103511810303e+03 1.183803713826050480e-18
6.292998446702957153e+03 1.058854876975042007e-18
6.295286789894104004e+03 -7.161423686657468989e-19
6.297575133085250854e+03 -2.641565924216907238e-18
6.299863476276397705e+03 -3.548639983028522229e-18
6.302151819467544556e+03 -2.459458390050601707e-18
6.304440162658691406e+03 -4.461969905415299199e-19
6.306728505849838257e+03 -1.546772169276755845e-19
6.309016849040985107e+03 -1.222280537006837408e-18
6.311305192232131958e+03 -1.561255533115888230e-18
6.313593535423278809e+03 -7.121187036723475494e-19
6.315881878614425659e+03 1.052461391225466518e-18
6.318170221805572510e+03 2.377656017733395141e-18
6.320458564996719360e+03 1.614560292559724163e-18
6.322746908187866211e+03 4.915391543125655547e-21
6.325035251379013062e+03 -4.741003258435694870e-19
6.327323594570159912e+03 -1.595666169049911754e-19
6.329611937761306763e+03 1.187638393898875605e-19
6.331900280952453613e+03 1.506701601700126514e-19
6.334188624143600464e+03 -1.372979325380862637e-19
6.336476967334747314e+03 -4.838749123469554768e-19
6.338765310525894165e+03 -5.894869031146766758e-19
6.341053653717041016e+03 -3.969808814679670337e-19
6.343341996908187866e+03 1.223853395092212848e-19
6.345630340099334717e+03 1.123820298116461402e-18
6.347918683290481567e+03 2.493635218214608289e-18
6.350207026481628418e+03 3.418896083564120423e-18
6.352495369672775269e+03 3.426643870771598357e-18
6.354783712863922119e+03 2.782420513669121311e-18
6.357072056055068970e+03 2.032336029338179751e-18
6.359360399246215820e+03 2.375127533395973673e-18
6.361648742437362671e+03 3.494253271343466936e-18
6.363937085628509521e+03 2.534444380530065048e-18
6.366225428819656372e+03 -4.140994876423285105e-19
6.368513772010803223e+03 -1.532279603053308809e-18
6.370802115201950073e+03 -3.276003838070458535e-19
6.373090458393096924e+03 3.937489058689633586e-19
6.375378801584243774e+03 3.292295935716514684e-19
6.377667144775390625e+03 1.124109707933278392e-18
6.379955487966537476e+03 2.122804152547644973e-18
6.382243831157684326e+03 1.254316208155250479e-18
6.384532174348831177e+03 -1.392057212233632529e-19
6.386820517539978027e+03 9.870128966063161547e-19
6.389108860731124878e+03 2.588229938704947428e-18
6.391397203922271729e+03 7.981025256847979548e-19
6.393685547113418579e+03 -1.588264324284239982e-18
6.395973890304565430e+03 -1.474100087313938888e-19
6.398262233495712280e+03 3.449449653849991607e-18
6.400550576686859131e+03 6.122748707906270645e-18
6.402838919878005981e+03 6.055341346199018143e-18
6.405127263069152832e+03 2.382621582950550966e-18
6.407415606260299683e+03 -1.448602115685021098e-18
6.409703949451446533e+03 -2.099817216915102611e-18
6.411992292642593384e+03 -6.651499409255146703e-19
6.414280635833740234e+03 1.177601203400398171e-18
6.416568979024887085e+03 1.843992587328990082e-18
6.418857322216033936e+03 5.586972244627098878e-19
6.421145665407180786e+03 -6.806774651916303984e-19
6.423434008598327637e+03 -5.249827385623321630e-19
6.425722351789474487e+03 1.739049656429853571e-19
6.428010694980621338e+03 6.968988388953132631e-19
6.430299038171768188e+03 6.809526061428808492e-19
6.432587381362915039e+03 9.501764242790101652e-20
6.434875724554061890e+03 -4.452458362346705072e-19
6.437164067745208740e+03 -6.589832060613552798e-19
6.439452410936355591e+03 -7.845220294842672001e-19
6.441740754127502441e+03 -7.560381684885802612e-19
6.444029097318649292e+03 -2.255659750380106415e-19
6.446317440509796143e+03 7.571225505728489959e-19
6.448605783700942993e+03 1.889930062647122474e-18
6.450894126892089844e+03 2.493104995441961798e-18
6.453182470083236694e+03 1.591730831436296583e-18
6.455470813274383545e+03 9.336205981892173834e-20
6.457759156465530396e+03 -6.378044371646526851e-21
6.460047499656677246e+03 4.513198751714356740e-19
6.462335842847824097e+03 -5.918223441766435803e-19
6.464624186038970947e+03 -1.693556454648844582e-18
6.466912529230117798e+03 -4.349738039904104404e-19
6.469200872421264648e+03 1.480892144871794225e-18
6.471489215612411499e+03 1.502140967242209538e-18
6.473777558803558350e+03 7.125590222521671830e-19
6.476065901994705200e+03 7.255875821889719299e-19
6.478354245185852051e+03 7.410868789166842860e-19
6.480642588376998901e+03 -1.110317169152598498e-19
6.482930931568145752e+03 -1.041443242068683620e-18
6.485219274759292603e+03 -1.294219090712078826e-18
6.487507617950439453e+03 -1.126041381458742850e-18
6.489795961141586304e+03 -7.734703278138876201e-19
6.492084304332733154e+03 1.482153853799879015e-19
6.494372647523880005e+03 1.510240409607599078e-18
6.496660990715026855e+03 1.508655945144253753e-18
6.498949333906173706e+03 -1.596403264523878929e-19
6.501237677097320557e+03 -1.506546117594360687e-19
6.503526020288467407e+03 2.289494074071727760e-18
6.505814363479614258e+03 3.139040202822117335e-18
6.508102706670761108e+03 9.615903276601114022e-19
6.510391049861907959e+03 -2.206118197434292197e-18
6.512679393053054810e+03 -4.181308660949399169e-18
6.514967736244201660e+03 -2.174321167892600675e-18
6.517256079435348511e+03 2.117710581130696567e-18
6.519544422626495361e+03 2.402264434161694576e-18
6.521832765817642212e+03 -3.751477076935712910e-19
6.524121109008789062e+03 3.304910698551889779e-19
6.526409452199935913e+03 3.298269162016124951e-18
6.528697795391082764e+03 2.771534403217617190e-18
6.530986138582229614e+03 1.145981449003734420e-19
6.533274481773376465e+03 -1.376326046440463902e-19
6.535562824964523315e+03 1.330906205240030710e-18
6.537851168155670166e+03 2.020997657886762262e-18
6.540139511346817017e+03 1.534355929788393477e-18
6.542427854537963867e+03 1.367960536261167853e-19
6.544716197729110718e+03 -1.072439870970153519e-18
6.547004540920257568e+03 -9.416161906136403047e-19
6.549292884111404419e+03 2.021223840085507231e-19
6.551581227302551270e+03 1.634111326722874387e-18
6.553869570493698120e+03 1.954173458511359645e-18
6.556157913684844971e+03 3.539417694680380239e-19
6.558446256875991821e+03 -3.756116526196369704e-19
6.560734600067138672e+03 1.638556078346851512e-18
6.563022943258285522e+03 3.062281564289952856e-18
6.565311286449432373e+03 1.778185820107027689e-18
6.567599629640579224e+03 6.062138909677825786e-19
6.569887972831726074e+03 1.126094734608252521e-18
6.572176316022872925e+03 1.417534866238754485e-18
6.574464659214019775e+03 5.337408234904670509e-19
6.576753002405166626e+03 -6.339205640791876634e-19
6.579041345596313477e+03 -1.298401522684300073e-18
6.581329688787460327e+03 -7.417663043923200291e-19
6.583618031978607178e+03 9.261587699044384456e-19
6.585906375169754028e+03 2.596663251845078683e-18
6.588194718360900879e+03 3.250967045482433201e-18
6.590483061552047729e+03 1.883584346577921923e-18
6.592771404743194580e+03 -5.001255475648074048e-19
6.595059747934341431e+03 -1.149635260865745997e-18
6.597348091125488281e+03 -2.948969194103610668e-19
6.599636434316635132e+03 -1.812219080735968037e-19
6.601924777507781982e+03 -4.894089574400883702e-19
6.604213120698928833e+03 3.043944004085417923e-19
6.606501463890075684e+03 1.937599240577634630e-18
6.608789807081222534e+03 3.487869918556395221e-18
6.611078150272369385e+03 3.689875282357663833e-18
6.613366493463516235e+03 1.403724051936415996e-18
6.615654836654663086e+03 -1.432532891515259706e-18
6.617943179845809937e+03 -2.316531299573636022e-18
6.620231523036956787e+03 -1.891812312130986889e-18
6.622519866228103638e+03 -1.403532456227033401e-18
6.624808209419250488e+03 -1.096439172274884218e-18
6.627096552610397339e+03 -1.044881935272643125e-18
6.629384895801544189e+03 -1.066921232115929425e-18
6.631673238992691040e+03 -9.075710909621827916e-19
6.633961582183837891e+03 -2.133745348058066297e-19
6.636249925374984741e+03 1.027205395775114631e-18
6.638538268566131592e+03 1.717331176417267135e-18
6.640826611757278442e+03 1.218920425961070441e-18
6.643114954948425293e+03 1.959902744078449195e-19
6.645403298139572144e+03 -6.957700475519080877e-19
6.647691641330718994e+03 -9.582187394833452614e-19
6.649979984521865845e+03 -4.786782018473793650e-19
6.652268327713012695e+03 2.516909237218494837e-19
6.654556670904159546e+03 6.292605903995818975e-19
6.656845014095306396e+03 -2.165466302832797083e-19
6.659133357286453247e+03 -1.628929660570689083e-18
6.661421700477600098e+03 -1.040255514106634041e-18
6.663710043668746948e+03 8.921858417614261842e-19
6.665998386859893799e+03 4.656600333670198155e-19
6.668286730051040649e+03 -1.387950027847759466e-18
6.670575073242187500e+03 -3.556123641126654324e-19
6.672863416433334351e+03 2.104694480601868400e-18
6.675151759624481201e+03 1.271853574514716926e-18
6.677440102815628052e+03 -7.703284373534697982e-19
6.679728446006774902e+03 9.353803861683327364e-19
6.682016789197921753e+03 3.851017096718200325e-18
6.684305132389068604e+03 3.101095360172778573e-18
6.686593475580215454e+03 3.418014981115386595e-19
6.688881818771362305e+03 -1.137416562447418949e-18
6.691170161962509155e+03 -1.759856945298924564e-18
6.693458505153656006e+03 -2.555841888615586768e-18
6.695746848344802856e+03 -2.665062196311629127e-18
6.698035191535949707e+03 -1.350104653667080206e-18
6.700323534727096558e+03 4.805290249303153000e-20
6.702611877918243408e+03 3.475642586440424651e-19
6.704900221109390259e+03 3.355668827383616362e-19
6.707188564300537109e+03 7.427017939663292188e-19
6.709476907491683960e+03 1.391310759278985848e-18
6.711765250682830811e+03 2.018089911238485232e-18
6.714053593873977661e+03 2.107436791127634825e-18
6.716341937065124512e+03 1.620761975804763919e-18
6.718630280256271362e+03 1.863987610685928144e-18
6.720918623447418213e+03 2.885755844897155155e-18
6.723206966638565063e+03 2.182176488579710502e-18
6.725495309829711914e+03 -4.947017759870854869e-19
6.727783653020858765e+03 -1.917727673927120108e-18
6.730071996212005615e+03 -1.390389797064484621e-18
6.732360339403152466e+03 -1.331770505582572055e-18
6.734648682594299316e+03 -1.860968194654956455e-18
6.736937025785446167e+03 -1.016994678293760058e-18
6.739225368976593018e+03 1.226522422585585903e-18
6.741513712167739868e+03 3.611700924207114847e-18
6.743802055358886719e+03 4.719304449812050710e-18
6.746090398550033569e+03 3.044181404921220642e-18
6.748378741741180420e+03 -1.278053984677095174e-20
6.750667084932327271e+03 -1.647846143806434566e-18
6.752955428123474121e+03 -1.182828467883850461e-18
6.755243771314620972e+03 1.077060605269451300e-18
6.757532114505767822e+03 2.909265145086524755e-18
6.759820457696914673e+03 1.744512744936065900e-18
6.762108800888061523e+03 -3.366478010038153051e-19
6.764397144079208374e+03 -4.161998026151772169e-19
6.766685487270355225e+03 1.919196669146831858e-19
6.768973830461502075e+03 -2.923267658495822407e-19
6.771262173652648926e+03 -1.046860654695446537e-18
6.773550516843795776e+03 -1.185133716853459180e-18
6.775838860034942627e+03 -1.404895753274097360e-18
6.778127203226089478e+03 -2.145457114007869051e-18
6.780415546417236328e+03 -2.180863546152435709e-18
6.782703889608383179e+03 -8.762032647608297218e-19
6.784992232799530029e+03 3.376852147389275133e-19
6.787280575990676880e+03 4.560417323006180634e-19
6.789568919181823730e+03 -4.025920611532204969e-19
6.791857262372970581e+03 -1.496701530931637397e-18
6.794145605564117432e+03 -7.248644712372357301e-19
6.796433948755264282e+03 2.000050756439928804e-18
6.798722291946411133e+03 3.365430437491142927e-18
6.801010635137557983e+03 2.402819265557564519e-18
6.803298978328704834e+03 1.265000072946985384e-18
6.805587321519851685e+03 7.908179596203497165e-19
6.807875664710998535e+03 4.814092937360880396e-19
6.810164007902145386e+03 5.348981525650053057e-19
6.812452351093292236e+03 1.587722520983017749e-18
6.814740694284439087e+03 3.292190625284779027e-18
6.817029037475585938e+03 4.765774629444667252e-18
6.819317380666732788e+03 5.088317992878081886e-18
6.821605723857879639e+03 3.327719893750309810e-18
6.823894067049026489e+03 1.432520173613341703e-18
6.826182410240173340e+03 2.453129217593652215e-18
6.828470753431320190e+03 4.707230921591226718e-18
6.830759096622467041e+03 5.035347414401717376e-18
6.833047439813613892e+03 3.601495583399741868e-18
6.835335783004760742e+03 1.504012359980534194e-18
6.837624126195907593e+03 -1.405157943678882528e-19
6.839912469387054443e+03 -4.081502237310881395e-19
6.842200812578201294e+03 -8.289220862363932209e-19
6.844489155769348145e+03 -2.741445088050541394e-18
6.846777498960494995e+03 -3.706767964827221764e-18
6.849065842151641846e+03 -1.755327304264584184e-18
6.851354185342788696e+03 1.353074232066145575e-18
6.853642528533935547e+03 3.847248048257102454e-18
6.855930871725082397e+03 5.260471649143230559e-18
6.858219214916229248e+03 5.400334242245840414e-18
6.860507558107376099e+03 4.535464385852752862e-18
6.862795901298522949e+03 3.242916303375607721e-18
6.865084244489669800e+03 2.618042561957124237e-18
6.867372587680816650e+03 2.784714078712577719e-18
6.869660930871963501e+03 1.948711584926672004e-18
6.871949274063110352e+03 1.173232268049440360e-19
6.874237617254257202e+03 -5.998617513241376697e-20
6.876525960445404053e+03 1.821187631431209386e-18
6.878814303636550903e+03 3.745593754828929501e-18
6.881102646827697754e+03 4.453798498336617546e-18
6.883390990018844604e+03 3.193426087326560075e-18
6.885679333209991455e+03 1.125010094030042363e-18
6.887967676401138306e+03 1.009643420792424732e-18
6.890256019592285156e+03 1.964103968560211881e-18
6.892544362783432007e+03 8.744962741692499800e-19
6.894832705974578857e+03 -9.396108980136586273e-19
6.897121049165725708e+03 -1.995518556315568339e-19
6.899409392356872559e+03 1.528805961468468938e-18
6.901697735548019409e+03 1.095191266923271407e-18
6.903986078739166260e+03 -4.542845421856140097e-19
6.906274421930313110e+03 -9.934039008140539848e-19
6.908562765121459961e+03 -6.587479248758722280e-19
6.910851108312606812e+03 -7.175426691205255345e-20
6.913139451503753662e+03 7.147624246088553105e-19
6.915427794694900513e+03 1.598327493423830409e-18
6.917716137886047363e+03 1.835790264374914260e-18
6.920004481077194214e+03 9.375974370051279888e-19
6.922292824268341064e+03 -3.199738302580952229e-19
6.924581167459487915e+03 -1.122152185013671652e-18
6.926869510650634766e+03 -9.829061516601435106e-19
6.929157853841781616e+03 6.238448838328323716e-20
6.931446197032928467e+03 4.749609038733543432e-19
6.933734540224075317e+03 -3.893585155208674528e-19
6.936022883415222168e+03 -8.068524939031721661e-19
6.938311226606369019e+03 4.404929016713805592e-20
6.940599569797515869e+03 1.181857357844713206e-18
6.942887912988662720e+03 1.947407948281288432e-18
6.945176256179809570e+03 2.146910883934430997e-18
6.947464599370956421e+03 1.867388150184133641e-18
6.949752942562103271e+03 1.572790566757940201e-18
6.952041285753250122e+03 1.652669123765501563e-18
6.954329628944396973e+03 2.402213355758869426e-18
6.956617972135543823e+03 3.476188887536227641e-18
6.958906315326690674e+03 4.065402459157243826e-18
6.961194658517837524e+03 3.600123290763516395e-18
6.963483001708984375e+03 1.679991933373893758e-18
6.965771344900131226e+03 -5.929248725356001971e-19
6.968059688091278076e+03 -1.392140007843070259e-18
6.970348031282424927e+03 -9.588175148492570843e-19
6.972636374473571777e+03 -3.760162473367519701e-19
6.974924717664718628e+03 -5.838930942222868262e-19
6.977213060855865479e+03 -2.349890046111827661e-18
6.979501404047012329e+03 -3.345044778089926698e-18
6.981789747238159180e+03 -9.629588979835803865e-19
6.984078090429306030e+03 1.343963561401909959e-18
6.986366433620452881e+03 -1.428146585371438281e-19
6.988654776811599731e+03 -1.894694622975427914e-18
6.990943120002746582e+03 -4.019639467249571838e-19
6.993231463193893433e+03 1.916217655718904556e-18
6.995519806385040283e+03 2.575853662379929028e-18
6.997808149576187134e+03 1.277907502622839397e-18
7.000096492767333984e+03 -1.454610238666723446e-18
7.002384835958480835e+03 -3.064988306049379500e-18
7.004673179149627686e+03 -1.961368895864805295e-18
7.006961522340774536e+03 8.502420461394880945e-19
7.009249865531921387e+03 3.633020677315056582e-18
7.011538208723068237e+03 3.187213133745674284e-18
7.013826551914215088e+03 -6.141250980450280199e-19
7.016114895105361938e+03 -2.541927676736679151e-18
7.018403238296508789e+03 -1.009444897445412005e-18
7.020691581487655640e+03 5.909341589939147669e-19
7.022979924678802490e+03 7.275781923330807910e-19
7.025268267869949341e+03 -3.502128134172548328e-19
7.027556611061096191e+03 -1.664951308295842056e-18
7.029844954252243042e+03 -1.431898857575737810e-18
7.032133297443389893e+03 3.938274621777617539e-19
7.034421640634536743e+03 2.627420722151944188e-18
7.036709983825683594e+03 4.172662969186994924e-18
7.038998327016830444e+03 3.918442242808622717e-18
7.041286670207977295e+03 3.286914453747609540e-18
7.043575013399124146e+03 4.828545230228253757e-18
7.045863356590270996e+03 6.443283263222100252e-18
7.048151699781417847e+03 4.681352162537198971e-18
7.050440042972564697e+03 1.691346538244832600e-18
7.052728386163711548e+03 8.492829819180211435e-19
7.055016729354858398e+03 1.713597593324932475e-18
7.057305072546005249e+03 2.965933014105848160e-18
7.059593415737152100e+03 3.073318841998401042e-18
7.061881758928298950e+03 9.942747152039191847e-19
7.064170102119445801e+03 -1.001434687188601623e-18
7.066458445310592651e+03 -8.725610851261821718e-19
7.068746788501739502e+03 1.590937022391581241e-19
7.071035131692886353e+03 8.787929604635801132e-19
7.073323474884033203e+03 1.435443119705374396e-18
7.075611818075180054e+03 1.806425973014741192e-18
7.077900161266326904e+03 1.363442424056614931e-18
7.080188504457473755e+03 -2.644666216539801592e-20
7.082476847648620605e+03 -1.562313186926613845e-18
7.084765190839767456e+03 -2.538702292733181758e-18
7.087053534030914307e+03 -2.448593993090177103e-18
7.089341877222061157e+03 -1.444184971213987930e-18
7.091630220413208008e+03 -6.144687915895438029e-19
7.093918563604354858e+03 -4.980527363473260866e-19
7.096206906795501709e+03 -1.006359513760589212e-18
7.098495249986648560e+03 -1.539585882608836564e-18
7.100783593177795410e+03 -9.837726233517928071e-19
7.103071936368942261e+03 5.241339478562761874e-19
7.105360279560089111e+03 1.927072953692591076e-18
7.107648622751235962e+03 2.372579610314157210e-18
7.109936965942382812e+03 1.157150817116249668e-18
7.112225309133529663e+03 -7.122936006731142302e-19
7.114513652324676514e+03 -1.438012756278270376e-18
7.116801995515823364e+03 -7.312101356076479973e-19
7.119090338706970215e+03 1.070477591762024599e-18
7.121378681898117065e+03 2.071567551430344748e-18
7.123667025089263916e+03 1.724888324342945738e-19
7.125955368280410767e+03 -8.050106211729579963e-19
7.128243711471557617e+03 3.399023896528146486e-18
7.130532054662704468e+03 6.892436959164412684e-18
7.132820397853851318e+03 3.596922515383242454e-18
7.135108741044998169e+03 -1.151805782793085142e-18
7.137397084236145020e+03 -1.823812275514840143e-18
7.139685427427291870e+03 -3.449918561859732604e-19
7.141973770618438721e+03 9.741418628774144750e-19
7.144262113809585571e+03 1.342230307825881659e-18
7.146550457000732422e+03 4.812608665149230557e-19
7.148838800191879272e+03 -2.098381308919892981e-19
7.151127143383026123e+03 1.082433944679201626e-19
7.153415486574172974e+03 5.244238746609760236e-19
7.155703829765319824e+03 4.338949536764881541e-19
7.157992172956466675e+03 -2.665398755423361640e-19
7.160280516147613525e+03 -9.959777766875892995e-19
7.162568859338760376e+03 1.689969024030990386e-19
7.164857202529907227e+03 2.768421515777427009e-18
7.167145545721054077e+03 3.161755616418589166e-18
7.169433888912200928e+03 9.895827399743652735e-19
7.171722232103347778e+03 -7.210119809318465728e-19
7.174010575294494629e+03 -1.142367341811125388e-18
7.176298918485641479e+03 -1.192881710856090252e-18
7.178587261676788330e+03 -1.050263055350030278e-18
7.180875604867935181e+03 -4.928735517369784421e-19
7.183163948059082031e+03 5.657656492024503002e-21
7.185452291250228882e+03 -3.583815580083398308e-19
7.187740634441375732e+03 -6.593136130172819298e-19
7.190028977632522583e+03 6.527883470563690864e-19
7.192317320823669434e+03 2.487791600777227425e-18
7.194605664014816284e+03 2.988709845862802053e-18
7.196894007205963135e+03 2.174139394952992147e-18
7.199182350397109985e+03 6.529739974050989566e-19
7.201470693588256836e+03 -8.771511103452389224e-19
7.203759036779403687e+03 -1.734180328507089463e-18
7.206047379970550537e+03 -1.514695087398926839e-18
7.208335723161697388e+03 -2.051706738127793415e-19
7.210624066352844238e+03 7.170936780689711653e-19
7.212912409543991089e+03 1.300556948565460124e-19
7.215200752735137939e+03 -7.012718842999396975e-19
7.217489095926284790e+03 -7.733303791940013048e-19
7.219777439117431641e+03 -7.726644988008961175e-19
7.222065782308578491e+03 -1.173555256229248175e-18
7.224354125499725342e+03 -2.047713316925540536e-18
7.226642468690872192e+03 -2.604511127906675534e-18
7.228930811882019043e+03 3.273192716457485355e-19
7.231219155073165894e+03 6.214571132573638312e-18
7.233507498264312744e+03 7.749108214916180902e-18
7.235795841455459595e+03 3.889699370883630111e-18
7.238084184646606445e+03 2.462489800200455415e-18
7.240372527837753296e+03 5.469525418944063520e-18
7.242660871028900146e+03 8.743057537946637039e-18
7.244949214220046997e+03 9.509642207546480119e-18
7.247237557411193848e+03 5.764200653950260375e-18
7.249525900602340698e+03 -2.482985849439356259e-20
7.251814243793487549e+03 -1.923587214591292617e-18
7.254102586984634399e+03 -1.521691019128382355e-19
7.256390930175781250e+03 1.342961638884955104e-18
7.258679273366928101e+03 2.258902867067985414e-18
7.260967616558074951e+03 3.878012963189480936e-18
7.263255959749221802e+03 4.495698505084878610e-18
7.265544302940368652e+03 1.743082342861808577e-18
7.267832646131515503e+03 -1.787325545490279230e-18
7.270120989322662354e+03 -2.412809125815367434e-18
7.272409332513809204e+03 -1.509535134737821052e-18
7.274697675704956055e+03 -1.359206328742154307e-18
7.276986018896102905e+03 -7.704452249162046288e-19
7.279274362087249756e+03 1.441167726532124193e-18
7.281562705278396606e+03 3.060798429451645277e-18
7.283851048469543457e+03 2.243144249218237684e-18
7.286139391660690308e+03 6.012706596271656853e-19
7.288427734851837158e+03 -3.133080469906249340e-19
7.290716078042984009e+03 -7.294331448567309556e-19
7.293004421234130859e+03 -7.527229836898325800e-19
7.295292764425277710e+03 4.405586172936387759e-19
7.297581107616424561e+03 2.544944818020966319e-18
7.299869450807571411e+03 2.601104384553875889e-18
7.302157793998718262e+03 -1.678318960585005259e-19
7.304446137189865112e+03 -2.457476672098077790e-18
7.306734480381011963e+03 -2.514798427391624364e-18
7.309022823572158813e+03 -8.620435870351469940e-19
7.311311166763305664e+03 1.243390599829496951e-18
7.313599509954452515e+03 1.459890339311802559e-18
7.315887853145599365e+03 -2.195541297435518055e-19
7.318176196336746216e+03 -1.374468328031640514e-18
7.320464539527893066e+03 -1.457753938584731227e-18
7.322752882719039917e+03 -1.400080321338119910e-18
7.325041225910186768e+03 -1.243329905452050873e-18
7.327329569101333618e+03 -5.192672307223204491e-19
7.329617912292480469e+03 7.985321167660485412e-20
7.331906255483627319e+03 -7.312651948171710582e-19
7.334194598674774170e+03 -1.480150474055063866e-18
7.336482941865921021e+03 3.325248743369095924e-19
7.338771285057067871e+03 1.371744732467233101e-18
7.341059628248214722e+03 -2.925000601879121000e-18
7.343347971439361572e+03 -7.187448443089612346e-18
7.345636314630508423e+03 -4.680984067164612874e-18
7.347924657821655273e+03 -4.781231636563562834e-19
7.350213001012802124e+03 -6.765169018068535229e-19
7.352501344203948975e+03 -6.870668150381431224e-19
7.354789687395095825e+03 3.698118550752061030e-18
7.357078030586242676e+03 6.272204114572657962e-18
7.359366373777389526e+03 2.455166563442370322e-18
7.361654716968536377e+03 -2.040842134372215673e-18
7.363943060159683228e+03 -2.597801038777645373e-18
7.366231403350830078e+03 -3.653895614048597927e-19
7.368519746541976929e+03 2.858132148340946796e-18
7.370808089733123779e+03 4.486524658501359257e-18
7.373096432924270630e+03 3.024578051584326439e-18
7.375384776115417480e+03 -7.492261810478412246e-19
7.377673119306564331e+03 -4.862351688272989722e-18
7.379961462497711182e+03 -5.431366750106379800e-18
7.382249805688858032e+03 -2.161283353872692991e-18
7.384538148880004883e+03 3.382911245376226060e-19
7.386826492071151733e+03 5.375496283197557514e-19
7.389114835262298584e+03 7.320960718930864322e-20
7.391403178453445435e+03 3.335540162658962702e-19
7.393691521644592285e+03 2.732729292731223280e-18
7.395979864835739136e+03 6.074254417314736845e-18
7.398268208026885986e+03 7.415243230438752978e-18
7.400556551218032837e+03 5.755040455846848147e-18
7.402844894409179688e+03 1.220661124162611718e-18
7.405133237600326538e+03 -3.095454815575779477e-18
7.407421580791473389e+03 -2.967095823251944578e-18
7.409709923982620239e+03 -7.853593947581122869e-20
7.411998267173767090e+03 1.782800867539614169e-18
7.414286610364913940e+03 2.861244828985983839e-18
7.416574953556060791e+03 4.329192424451935734e-18
7.418863296747207642e+03 4.552693317241313599e-18
7.421151639938354492e+03 2.007246400588527592e-18
7.423439983129501343e+03 -6.228495270619896565e-19
7.425728326320648193e+03 -6.482519851795517135e-19
7.428016669511795044e+03 7.952526816793996362e-19
7.430305012702941895e+03 2.163530596801846429e-18
7.432593355894088745e+03 2.439877784180552712e-18
7.434881699085235596e+03 1.253659013158577098e-18
7.437170042276382446e+03 6.141819150133527560e-19
7.439458385467529297e+03 1.537052124995010071e-18
7.441746728658676147e+03 1.542287557887011321e-18
7.444035071849822998e+03 -2.818488173315847546e-19
7.446323415040969849e+03 -1.132693671342470868e-18
7.448611758232116699e+03 2.389822241881613356e-19
7.450900101423263550e+03 2.386409863360890694e-18
7.453188444614410400e+03 4.096233134948320273e-18
7.455476787805557251e+03 4.302324770975600842e-18
7.457765130996704102e+03 3.435329473998558286e-18
7.460053474187850952e+03 4.021992434200767210e-18
7.462341817378997803e+03 5.355159013862175637e-18
7.464630160570144653e+03 3.501457600888497530e-18
7.466918503761291504e+03 -5.130357043517434286e-20
7.469206846952438354e+03 1.358188172805678099e-19
7.471495190143585205e+03 3.484744830202169883e-18
7.473783533334732056e+03 5.927597362660616420e-18
7.476071876525878906e+03 6.290516238973356888e-18
7.478360219717025757e+03 4.747751191077749332e-18
7.480648562908172607e+03 2.500308704601532978e-18
7.482936906099319458e+03 1.263978298095329257e-18
7.485225249290466309e+03 1.145009382537013901e-19
7.487513592481613159e+03 -2.483152771902030046e-18
7.489801935672760010e+03 -4.013493153406784850e-18
7.492090278863906860e+03 -1.710718694600518231e-18
7.494378622055053711e+03 1.365802266946652150e-18
7.496666965246200562e+03 1.836383766464421057e-18
7.498955308437347412e+03 1.954465039677284588e-18
7.501243651628494263e+03 3.834180248939989723e-18
7.503531994819641113e+03 4.742855522622354238e-18
7.505820338010787964e+03 2.766558705037957591e-18
7.508108681201934814e+03 7.636233113081149559e-19
7.510397024393081665e+03 5.696541622541638615e-19
7.512685367584228516e+03 -4.866634415894483022e-19
7.514973710775375366e+03 -3.072204422918138976e-18
7.517262053966522217e+03 -2.276329701418099463e-18
7.519550397157669067e+03 2.926991005228076723e-18
7.521838740348815918e+03 5.912992661765380164e-18
7.524127083539962769e+03 4.218535924417348180e-18
7.526415426731109619e+03 2.007930272159955808e-18
7.528703769922256470e+03 9.862349332402100322e-19
7.530992113113403320e+03 -1.662633289725527049e-19
7.533280456304550171e+03 -1.279707034045448509e-18
7.535568799495697021e+03 -1.023239374930652571e-18
7.537857142686843872e+03 7.857546319945477805e-19
7.540145485877990723e+03 3.645485461965618156e-18
7.542433829069137573e+03 5.744561731847026392e-18
7.544722172260284424e+03 4.312318767136466522e-18
7.547010515451431274e+03 1.618520316344745214e-18
7.549298858642578125e+03 2.621648862632702299e-18
7.551587201833724976e+03 4.661958085895280684e-18
7.553875545024871826e+03 2.191851606614436990e-18
7.556163888216018677e+03 -1.607407661802978132e-18
7.558452231407165527e+03 -1.223213286545067516e-18
7.560740574598312378e+03 1.847352594977180481e-18
7.563028917789459229e+03 4.449578636441678275e-18
7.565317260980606079e+03 4.765184849667916943e-18
7.567605604171752930e+03 1.891893582626170224e-18
7.569893947362899780e+03 -1.454387468588005258e-19
7.572182290554046631e+03 2.223909818434542131e-18
7.574470633745193481e+03 5.670809894841492168e-18
7.576758976936340332e+03 6.835270093440566665e-18
7.579047320127487183e+03 5.798535266816111448e-18
7.581335663318634033e+03 3.326892299547450505e-18
7.583624006509780884e+03 1.553631512807563543e-18
7.585912349700927734e+03 1.616434890622922462e-18
7.588200692892074585e+03 1.486332408362978919e-18
7.590489036083221436e+03 1.552113946576258444e-19
7.592777379274368286e+03 -9.031295446630793095e-19
7.595065722465515137e+03 -1.066579399727791887e-18
7.597354065656661987e+03 -1.262789639555090556e-18
7.599642408847808838e+03 -1.397987037400477904e-18
7.601930752038955688e+03 2.312980264902734159e-19
7.604219095230102539e+03 2.555951076456443767e-18
7.606507438421249390e+03 1.275260938252975985e-18
7.608795781612396240e+03 -2.597488364506100329e-18
7.611084124803543091e+03 -3.339989050186002593e-18
7.613372467994689941e+03 -1.007511052570839595e-18
7.615660811185836792e+03 4.468053301832743872e-19
7.617949154376983643e+03 -7.617615313132369611e-21
7.620237497568130493e+03 -1.991749792197806033e-18
7.622525840759277344e+03 -2.624622370139677295e-18
7.624814183950424194e+03 1.974959886919357816e-18
7.627102527141571045e+03 8.203363547286414133e-18
7.629390870332717896e+03 9.999118063218608715e-18
7.631679213523864746e+03 8.802137258837011935e-18
7.633967556715011597e+03 8.051077942154176632e-18
7.636255899906158447e+03 6.387823284692257405e-18
7.638544243097305298e+03 2.118997880958982216e-18
7.640832586288452148e+03 -1.038028123512181876e-18
7.643120929479598999e+03 2.591928831910343145e-19
7.645409272670745850e+03 1.635622792497161906e-18
7.647697615861892700e+03 -5.859789335344158546e-19
7.649985959053039551e+03 -1.395574565143966999e-18
7.652274302244186401e+03 2.456240657467770429e-18
7.654562645435333252e+03 4.971300473932961550e-18
7.656850988626480103e+03 2.542487057625918136e-18
7.659139331817626953e+03 -1.008112865240563136e-19
7.661427675008773804e+03 -1.904607917327781389e-19
7.663716018199920654e+03 -2.013981744575634762e-19
7.666004361391067505e+03 -1.171564439289986175e-18
7.668292704582214355e+03 -1.600225666134486470e-18
7.670581047773361206e+03 -7.877117413238482439e-19
7.672869390964508057e+03 1.157518395500952920e-18
7.675157734155654907e+03 3.084284982174169668e-18
7.677446077346801758e+03 2.405872389198497744e-18
7.679734420537948608e+03 -2.582747385604945961e-19
7.682022763729095459e+03 -1.350303280411669501e-18
7.684311106920242310e+03 4.828931006586433175e-19
7.686599450111389160e+03 5.191533176122142403e-18
7.688887793302536011e+03 9.012128637862173753e-18
7.691176136493682861e+03 5.891435507821635709e-18
7.693464479684829712e+03 -7.023035853189464613e-19
7.695752822875976562e+03 -2.819379357028296864e-18
7.698041166067123413e+03 6.689158357605271825e-19
7.700329509258270264e+03 7.959923465831445535e-18
7.702617852449417114e+03 1.308114587629627431e-17
7.704906195640563965e+03 9.552047621649011083e-18
7.707194538831710815e+03 2.752242690176502341e-18
7.709482882022857666e+03 3.686464558198166277e-19
7.711771225214004517e+03 9.840089902118298347e-19
7.714059568405151367e+03 1.686652908654053582e-18
7.716347911596298218e+03 2.516334915379441613e-18
7.718636254787445068e+03 3.471122406284340346e-18
7.720924597978591919e+03 2.855979824387083818e-18
7.723212941169738770e+03 -8.348603383057289798e-20
7.725501284360885620e+03 -2.174061019589952748e-18
7.727789627552032471e+03 -1.393451399306696515e-18
7.730077970743179321e+03 -2.440860061157959432e-19
7.732366313934326172e+03 -4.869258646387807503e-19
7.734654657125473022e+03 -1.444635888045405900e-18
7.736943000316619873e+03 -2.534756848006456954e-18
7.739231343507766724e+03 -3.426851906695655443e-18
7.741519686698913574e+03 -3.800081796139022540e-18
7.743808029890060425e+03 -3.427506620150491165e-18
7.746096373081207275e+03 -2.510201164342207774e-18
7.748384716272354126e+03 -1.962782340736505281e-18
7.750673059463500977e+03 -1.382769912659222699e-18
7.752961402654647827e+03 1.446416601109079430e-18
7.755249745845794678e+03 4.398942361653938410e-18
7.757538089036941528e+03 1.317890621699085388e-18
7.759826432228088379e+03 -3.832317024610214028e-18
7.762114775419235229e+03 -2.016736126768465633e-19
7.764403118610382080e+03 8.114426742185937703e-18
7.766691461801528931e+03 9.103287250087967614e-18
7.768979804992675781e+03 5.315092866531944635e-18
7.771268148183822632e+03 5.345663394020373156e-18
7.773556491374969482e+03 6.263268496005553880e-18
7.775844834566116333e+03 1.929524096642738835e-18
7.778133177757263184e+03 -1.414722452156074191e-18
7.780421520948410034e+03 4.156732711360142441e-18
7.782709864139556885e+03 1.018282991418296084e-17
7.784998207330703735e+03 6.884520840702280209e-18
7.787286550521850586e+03 5.763717477074952838e-19
7.789574893712997437e+03 -1.303282301888669212e-18
7.791863236904144287e+03 -2.336632460542922294e-19
7.794151580095291138e+03 1.469152590823288518e-18
7.796439923286437988e+03 2.523249111324619233e-18
7.798728266477584839e+03 1.972767031115479740e-18
7.801016609668731689e+03 3.095252983506316539e-19
7.803304952859878540e+03 -1.778334505822134096e-18
7.805593296051025391e+03 -3.957706024944677281e-18
7.807881639242172241e+03 -5.350726980140116515e-18
7.810169982433319092e+03 -3.529780265062313198e-18
7.812458325624465942e+03 9.400862166731469108e-19
7.814746668815612793e+03 1.430204481488499502e-18
7.817035012006759644e+03 -1.121438948530497804e-18
7.819323355197906494e+03 6.063953537146613991e-18
7.821611698389053345e+03 2.055652348290640729e-17
7.823900041580200195e+03 2.237159762922539039e-17
7.826188384771347046e+03 1.071084246023270989e-17
7.828476727962493896e+03 1.688940580035645550e-18
7.830765071153640747e+03 4.646502009354574224e-19
7.833053414344787598e+03 4.944707444419994263e-18
7.835341757535934448e+03 9.538064133393802150e-18
7.837630100727081299e+03 6.058623598869628557e-18
7.839918443918228149e+03 -1.742098411523176751e-18
7.842206787109375000e+03 -4.407129795356988278e-18
7.844495130300521851e+03 -2.965186276807865914e-18
7.846783473491668701e+03 -2.197500009427255340e-18
7.849071816682815552e+03 -1.895824965282481626e-18
7.851360159873962402e+03 -7.615956331328060622e-19
7.853648503065109253e+03 1.107562476767037919e-18
7.855936846256256104e+03 3.279093667851073801e-18
7.858225189447402954e+03 3.517128124003008363e-18
7.860513532638549805e+03 1.864405130100114285e-19
7.862801875829696655e+03 -2.850815735822915266e-18
7.865090219020843506e+03 -2.195585293104348219e-18
7.867378562211990356e+03 -4.105944390436057672e-19
7.869666905403137207e+03 8.887602025015085315e-20
7.871955248594284058e+03 -4.226304597935293078e-19
7.874243591785430908e+03 -1.073647968254787216e-18
7.876531934976577759e+03 1.071448805198738422e-18
7.878820278167724609e+03 6.039266745355275156e-18
7.881108621358871460e+03 6.006537276468083234e-18
7.883396964550018311e+03 -4.876462872535261528e-19
7.885685307741165161e+03 -1.953933782928872406e-18
7.887973650932312012e+03 4.146158861589877088e-18
7.890261994123458862e+03 6.098355565232388135e-18
7.892550337314605713e+03 1.655817476574454955e-18
7.894838680505752563e+03 3.660676168626059948e-19
7.897127023696899414e+03 2.892896067944712890e-18
7.899415366888046265e+03 1.392966464672587302e-18
7.901703710079193115e+03 -3.689452593064649236e-18
7.903992053270339966e+03 -5.722988861471643430e-18
7.906280396461486816e+03 -4.089399382317713435e-18
7.908568739652633667e+03 -1.893842833739651434e-18
7.910857082843780518e+03 4.600432185138433347e-19
7.913145426034927368e+03 3.777863311295541940e-18
7.915433769226074219e+03 6.027900042967877727e-18
7.917722112417221069e+03 4.425834003368037340e-18
7.920010455608367920e+03 1.112094392548062820e-18
7.922298798799514771e+03 -3.682709933698999800e-19
7.924587141990661621e+03 -1.756844637851342002e-19
7.926875485181808472e+03 5.352887369104951885e-19
7.929163828372955322e+03 1.016663392458432570e-18
7.931452171564102173e+03 6.820228227591596133e-19
7.933740514755249023e+03 -2.382951472918594770e-19
7.936028857946395874e+03 -1.222709016564139877e-18
7.938317201137542725e+03 -6.849480435978768266e-19
7.940605544328689575e+03 1.955834850771672401e-18
7.942893887519836426e+03 2.469869078445040975e-18
7.945182230710983276e+03 -1.448990993970497590e-18
7.947470573902130127e+03 -4.738812263788195038e-18
7.949758917093276978e+03 -4.215573377053489511e-18
7.952047260284423828e+03 -2.637200478534158634e-18
7.954335603475570679e+03 -1.636102247059712955e-18
7.956623946666717529e+03 -1.647490585390007475e-19
7.958912289857864380e+03 1.947055569340340842e-18
7.961200633049011230e+03 3.735668001068599445e-18
7.963488976240158081e+03 4.347555834050612948e-18
7.965777319431304932e+03 2.988438944212190937e-18
7.968065662622451782e+03 2.662062858797557455e-20
7.970354005813598633e+03 -3.101119555205695749e-18
7.972642349004745483e+03 -4.572883141632507899e-18
7.974930692195892334e+03 -2.188889059250578322e-18
7.977219035387039185e+03 2.258566204558676332e-18
7.979507378578186035e+03 4.165435478584812845e-18
7.981795721769332886e+03 3.213746813049690891e-18
7.984084064960479736e+03 1.620594678525875069e-18
7.986372408151626587e+03 -2.383107861753155577e-19
7.988660751342773438e+03 -2.625787660827611373e-18
7.990949094533920288e+03 -3.962320865582110623e-18
7.993237437725067139e+03 -2.413477280955157142e-18
7.995525780916213989e+03 1.787903331148147520e-18
7.997814124107360840e+03 7.514911049625879835e-18
8.000102467298507690e+03 1.160158114951247456e-17
8.002390810489654541e+03 1.118667976196506417e-17
8.004679153680801392e+03 8.365056677525217218e-18
8.006967496871948242e+03 5.986573685974422187e-18
8.009255840063095093e+03 4.869562635262920740e-18
8.011544183254241943e+03 5.384820469857408380e-18
8.013832526445388794e+03 7.381892135321227455e-18
8.016120869636535645e+03 1.019122497021976152e-17
8.018409212827682495e+03 1.260018667221099169e-17
8.020697556018829346e+03 1.320790468772512538e-17
8.022985899209976196e+03 9.662281845980890316e-18
8.025274242401123047e+03 2.494914039441615270e-18
8.027562585592269897e+03 -1.319018172271571734e-18
8.029850928783416748e+03 6.126735511663623100e-19
8.032139271974563599e+03 1.981928883580117074e-18
8.034427615165710449e+03 3.427831805528801074e-19
8.036715958356857300e+03 -9.761367123221626704e-19
8.039004301548004150e+03 -1.003811177088466472e-18
8.041292644739151001e+03 -1.304400029691381491e-18
8.043580987930297852e+03 -1.796417087602849557e-18
8.045869331121444702e+03 -1.113179343319002685e-18
8.048157674312591553e+03 7.432849045993908188e-19
8.050446017503738403e+03 2.903937688351376980e-18
8.052734360694885254e+03 3.956233643454332892e-18
8.055022703886032104e+03 2.306583832322226450e-18
8.057311047077178955e+03 -1.158574084757723721e-18
8.059599390268325806e+03 -4.472194167979184329e-18
8.061887733459472656e+03 -4.413051581362255403e-18
8.064176076650619507e+03 2.212837178754907303e-18
8.066464419841766357e+03 8.986864060412966628e-18
8.068752763032913208e+03 7.450438938322271752e-18
8.071041106224060059e+03 2.286412619494814593e-18
8.073329449415206909e+03 6.486872889769077444e-19
8.075617792606353760e+03 1.416411244774177766e-18
8.077906135797500610e+03 2.147567458545644963e-18
8.080194478988647461e+03 1.115728507171737978e-18
8.082482822179794312e+03 -2.427729809704598947e-18
8.084771165370941162e+03 -3.591115707483120200e-18
8.087059508562088013e+03 6.624224679519859152e-19
8.089347851753234863e+03 3.561137027722973371e-18
8.091636194944381714e+03 8.711499150011667066e-19
8.093924538135528564e+03 -1.619388442397619616e-18
8.096212881326675415e+03 -3.879647678875038857e-19
8.098501224517822266e+03 1.366833761170505776e-18
8.100789567708969116e+03 2.094688903912426977e-18
8.103077910900115967e+03 3.847241844402508307e-18
8.105366254091262817e+03 6.357884309601513121e-18
8.107654597282409668e+03 5.845045151118130535e-18
8.109942940473556519e+03 1.812815943246713331e-18
8.112231283664703369e+03 -2.349950223501390893e-18
8.114519626855850220e+03 -4.283425348339989265e-18
8.116807970046997070e+03 -2.544368066338863721e-18
8.119096313238143921e+03 1.422981540379686465e-18
8.121384656429290771e+03 3.819707483352455674e-18
8.123672999620437622e+03 3.050027917490745442e-18
8.125961342811584473e+03 -1.066326489255503799e-18
8.128249686002731323e+03 -4.987392031979261874e-18
8.130538029193878174e+03 -3.247074953905218068e-18
8.132826372385025024e+03 1.363042172037715835e-18
8.135114715576171875e+03 2.657352045822022356e-18
8.137403058767318726e+03 1.317921330779326420e-18
8.139691401958465576e+03 2.867495005694434516e-19
8.141979745149612427e+03 -3.685495722905713544e-19
8.144268088340759277e+03 -1.122439526878957260e-18
8.146556431531906128e+03 1.487353200937657639e-19
8.148844774723052979e+03 5.039031676850028562e-18
8.151133117914199829e+03 8.254554446674870804e-18
8.153421461105346680e+03 5.135590124114568588e-18
8.155709804296493530e+03 2.793732984027608233e-19
8.157998147487640381e+03 -1.887293838034915975e-18
8.160286490678787231e+03 -3.308328505445382320e-18
8.162574833869934082e+03 -5.284318025432215517e-18
8.164863177061080933e+03 -5.228183067522529400e-18
8.167151520252227783e+03 -2.009446494222765508e-18
8.169439863443374634e+03 2.067163848644265567e-18
8.171728206634521484e+03 4.558911647496180985e-18
8.174016549825668335e+03 2.261764911987418890e-18
8.176304893016815186e+03 -3.415503402281734180e-18
8.178593236207962036e+03 -2.377187419916383850e-18
8.180881579399108887e+03 5.553440824136036795e-18
8.183169922590255737e+03 6.141112117504947859e-18
8.185458265781402588e+03 -2.034194910969739543e-18
8.187746608972549438e+03 -6.047532761216517562e-18
8.190034952163696289e+03 -3.768049640508212820e-18
8.192323295354843140e+03 -2.420385686636046891e-18
8.194611638545989990e+03 -2.372316566879365347e-18
8.196899981737136841e+03 4.836393726675310022e-19
8.199188324928283691e+03 4.494164498638899020e-18
8.201476668119430542e+03 5.129191468486164643e-18
8.203765011310577393e+03 2.857819060479095475e-18
8.206053354501724243e+03 3.455373559505578399e-19
8.208341697692871094e+03 -5.829585352264667586e-19
8.210630040884017944e+03 1.432360941345425245e-18
8.212918384075164795e+03 3.889082707736971829e-18
8.215206727266311646e+03 3.434045482892722849e-18
8.217495070457458496e+03 2.158820216803663213e-18
8.219783413648605347e+03 2.923422134475216685e-18
8.222071756839752197e+03 3.572712593215040440e-18
8.224360100030899048e+03 1.845965413089929053e-18
8.226648443222045898e+03 5.975571356646854366e-19
8.228936786413192749e+03 2.014447835001414251e-18
8.231225129604339600e+03 1.526703785339241987e-18
8.233513472795486450e+03 -3.496764178092871651e-18
8.235801815986633301e+03 -6.289216738231036082e-18
8.238090159177780151e+03 -2.887794845107098368e-18
8.240378502368927002e+03 1.140878313310953369e-18
8.242666845560073853e+03 1.965129672519777635e-18
8.244955188751220703e+03 2.525869671203975509e-19
8.247243531942367554e+03 -2.075489214714458652e-18
8.249531875133514404e+03 -1.365742787490730759e-19
8.251820218324661255e+03 5.536458806160323137e-18
8.254108561515808105e+03 5.387363223060396387e-18
8.256396904706954956e+03 -6.015323588934621494e-19
8.258685247898101807e+03 -6.189293113439477201e-19
8.260973591089248657e+03 6.164825317715311780e-18
8.263261934280395508e+03 1.042823041368968012e-17
8.265550277471542358e+03 8.656559261291966935e-18
8.267838620662689209e+03 1.482483330177616543e-18
8.270126963853836060e+03 -7.088540802885421720e-18
8.272415307044982910e+03 -1.099895691221044241e-17
8.274703650236129761e+03 -7.849066374498313872e-18
8.276991993427276611e+03 2.487251865427536575e-18
8.279280336618423462e+03 1.193183797215794617e-17
8.281568679809570312e+03 9.936387167104424755e-18
8.283857023000717163e+03 5.484409086500883285e-19
8.286145366191864014e+03 -7.409357840380438186e-18
8.288433709383010864e+03 -9.355077719826659027e-18
8.290722052574157715e+03 -2.859404352123053352e-18
8.293010395765304565e+03 6.368575619018761004e-18
8.295298738956451416e+03 1.160874205207534612e-17
8.297587082147598267e+03 1.426123068948586295e-17
8.299875425338745117e+03 1.631748754136815743e-17
8.302163768529891968e+03 1.522503010636937378e-17
8.304452111721038818e+03 9.598463207361199125e-18
8.306740454912185669e+03 2.902431806046224193e-18
8.309028798103332520e+03 -1.707938747356880644e-18
8.311317141294479370e+03 -3.055881667890630080e-18
8.313605484485626221e+03 -1.446146319843927728e-18
8.315893827676773071e+03 -6.587617801511324912e-19
8.318182170867919922e+03 -2.032275645153463380e-18
8.320470514059066772e+03 -1.293935988147432553e-18
8.322758857250213623e+03 2.816156247771483992e-18
8.325047200441360474e+03 6.638310117785565246e-18
8.327335543632507324e+03 8.636807842625425741e-18
8.329623886823654175e+03 9.402046689368645044e-18
8.331912230014801025e+03 1.162404654776880223e-17
8.334200573205947876e+03 2.088942562915082349e-17
8.336488916397094727e+03 3.274689923705963992e-17
8.338777259588241577e+03 3.436734274832857093e-17
8.341065602779388428e+03 2.456635263978988851e-17
8.343353945970535278e+03 1.023677946091428186e-17
8.345642289161682129e+03 -3.413319852259747325e-18
8.347930632352828979e+03 -1.216315654891656270e-17
8.350218975543975830e+03 -1.399422340519864604e-17
8.352507318735122681e+03 -8.637118035355133126e-18
8.354795661926269531e+03 -1.847433865472363816e-18
8.357084005117416382e+03 -1.018456720026447534e-18
8.359372348308563232e+03 -2.222636167086363607e-18
8.361660691499710083e+03 9.763162105150866774e-19
8.363949034690856934e+03 4.075061860760331806e-18
8.366237377882003784e+03 1.617702234718930269e-18
8.368525721073150635e+03 -1.898839211434624859e-18
8.370814064264297485e+03 -1.640861947701919645e-18
8.373102407455444336e+03 -4.473332329727966081e-20
8.375390750646591187e+03 3.003998676823407948e-19
8.377679093837738037e+03 5.409993850644081533e-20
8.379967437028884888e+03 -6.986692509754210940e-20
8.382255780220031738e+03 3.090296362179533943e-19
8.384544123411178589e+03 1.193430028204636340e-18
8.386832466602325439e+03 8.438982429254540716e-19
8.389120809793472290e+03 -3.796271233550932164e-19
8.391409152984619141e+03 3.558273328442314789e-18
8.393697496175765991e+03 1.214226279382408578e-17
8.395985839366912842e+03 1.255932477713148467e-17
8.398274182558059692e+03 3.052751616452729424e-18
8.400562525749206543e+03 -2.132970615866227960e-18
8.402850868940353394e+03 8.197536680256437468e-19
8.405139212131500244e+03 4.165302716096498084e-18
8.407427555322647095e+03 4.418902643425149244e-18
8.409715898513793945e+03 9.073255217178311115e-19
8.412004241704940796e+03 -2.223005089639562257e-18
8.414292584896087646e+03 3.482997411158151612e-18
8.416580928087234497e+03 1.224250550353693699e-17
8.418869271278381348e+03 1.011457510593814776e-17
8.421157614469528198e+03 -4.130550428720096017e-19
8.423445957660675049e+03 -9.395695596625462898e-18
8.425734300851821899e+03 -1.048539603864260731e-17
8.428022644042968750e+03 5.668637201565045072e-19
8.430310987234115601e+03 1.283847093690791726e-17
8.432599330425262451e+03 1.208737605145874218e-17
8.434887673616409302e+03 5.122922266623625246e-18
8.437176016807556152e+03 2.761952756592109194e-18
8.439464359998703003e+03 3.012183784080985011e-18
8.441752703189849854e+03 2.293990214291259742e-18
8.444041046380996704e+03 2.632109647152989310e-19
8.446329389572143555e+03 -2.560658561322483048e-18
8.448617732763290405e+03 -1.335763409796942088e-18
8.450906075954437256e+03 6.180468130279302087e-18
8.453194419145584106e+03 1.009487331810835975e-17
8.455482762336730957e+03 5.167185114791644033e-18
8.457771105527877808e+03 3.372527853942001042e-18
8.460059448719024658e+03 1.009274829111471102e-17
8.462347791910171509e+03 1.245766593420994268e-17
8.464636135101318359e+03 6.204668953460766017e-18
8.466924478292465210e+03 4.273194778523933419e-18
8.469212821483612061e+03 1.094354325579490253e-17
8.471501164674758911e+03 1.761185810952991003e-17
8.473789507865905762e+03 1.917036233653087032e-17
8.476077851057052612e+03 1.423329349147749699e-17
8.478366194248199463e+03 5.135960701028992345e-18
8.480654537439346313e+03 -1.395238316224964193e-18
8.482942880630493164e+03 -4.061006821382137037e-18
8.485231223821640015e+03 -6.542542041596319637e-18
8.487519567012786865e+03 -6.740695638875235076e-18
8.489807910203933716e+03 9.962233459319409796e-19
8.492096253395080566e+03 1.139931563740855802e-17
8.494384596586227417e+03 1.386493093955354505e-17
8.496672939777374268e+03 1.080710477683795594e-17
8.498961282968521118e+03 9.965086198456952051e-18
8.501249626159667969e+03 9.287382912856544348e-18
8.503537969350814819e+03 4.199469824888307169e-18
8.505826312541961670e+03 -1.452674532635772792e-18
8.508114655733108521e+03 -2.520139119016572987e-18
8.510402998924255371e+03 -2.310947623643749947e-18
8.512691342115402222e+03 -4.809555231315567624e-18
8.514979685306549072e+03 -4.705503768472215996e-18
8.517268028497695923e+03 2.237396998322219247e-18
8.519556371688842773e+03 7.499374116180296317e-18
8.521844714879989624e+03 4.313498326689967140e-18
8.524133058071136475e+03 -1.471371813009191722e-18
8.526421401262283325e+03 -4.507302608308078759e-18
8.528709744453430176e+03 -4.758537626265440813e-18
8.530998087644577026e+03 -2.886541666479080531e-18
8.533286430835723877e+03 -9.810452020770523366e-19
8.535574774026870728e+03 -9.438622573953602688e-20
8.537863117218017578e+03 1.587924249654904119e-18
8.540151460409164429e+03 4.453797671156004993e-18
8.542439803600311279e+03 6.482775760797525728e-18
8.544728146791458130e+03 6.800571521105192260e-18
8.547016489982604980e+03 5.875815029134184335e-18
8.549304833173751831e+03 4.730059452136465176e-18
8.551593176364898682e+03 5.181726949960326260e-18
8.553881519556045532e+03 6.717270297518039608e-18
8.556169862747192383e+03 6.549355528301918926e-18
8.558458205938339233e+03 5.438035480204782309e-18
8.560746549129486084e+03 6.767868935587908311e-18
8.563034892320632935e+03 8.669371461799800781e-18
8.565323235511779785e+03 6.383870602135172762e-18
8.567611578702926636e+03 2.569679793082986368e-18
8.569899921894073486e+03 2.973359855235655519e-18
8.572188265085220337e+03 5.284434657898585494e-18
8.574476608276367188e+03 4.659512112823961381e-18
8.576764951467514038e+03 2.120279597318133133e-18
8.579053294658660889e+03 1.998514888837570970e-19
8.581341637849807739e+03 -2.850105601267038492e-19
8.583629981040954590e+03 9.251444396782952954e-19
8.585918324232101440e+03 3.410614558066392648e-18
8.588206667423248291e+03 6.215410720895379635e-18
8.590495010614395142e+03 6.110229742925586848e-18
8.592783353805541992e+03 1.249104763501013266e-18
8.595071696996688843e+03 -3.273450021326777632e-18
8.597360040187835693e+03 -3.405613424082897043e-18
8.599648383378982544e+03 -1.317754447090743846e-18
8.601936726570129395e+03 8.054010504220830253e-19
8.604225069761276245e+03 2.202194466198646910e-18
8.606513412952423096e+03 2.343903326428475123e-18
8.608801756143569946e+03 1.447132319134090937e-18
8.611090099334716797e+03 -1.560280157926717499e-19
8.613378442525863647e+03 -2.385624248574118456e-18
8.615666785717010498e+03 -4.209459271555803807e-18
8.617955128908157349e+03 -3.087915477882664907e-18
8.620243472099304199e+03 6.002112480576383951e-19
8.622531815290451050e+03 2.791677698699355382e-18
8.624820158481597900e+03 3.490072286937317657e-18
8.627108501672744751e+03 6.720923127103073779e-18
8.629396844863891602e+03 1.142358511658086385e-17
8.631685188055038452e+03 1.282258162452138615e-17
8.633973531246185303e+03 1.089003707787190994e-17
8.636261874437332153e+03 8.465851116706641299e-18
8.638550217628479004e+03 6.454672299486036613e-18
8.640838560819625854e+03 4.874219248521288010e-18
8.643126904010772705e+03 4.340585596618934860e-18
8.645415247201919556e+03 5.470845599201698152e-18
8.647703590393066406e+03 7.130642641703145723e-18
8.649991933584213257e+03 7.696190989589326062e-18
8.652280276775360107e+03 8.384769218702968420e-18
8.654568619966506958e+03 1.067532332472968288e-17
8.656856963157653809e+03 1.053481511715897539e-17
8.659145306348800659e+03 4.427610373733494966e-18
8.661433649539947510e+03 -1.447860755061020447e-18
8.663721992731094360e+03 -1.438874885271703769e-18
8.666010335922241211e+03 -3.018229802274499944e-19
8.668298679113388062e+03 -2.015062843786847427e-18
8.670587022304534912e+03 -2.680217592699672562e-18
8.672875365495681763e+03 1.493128084836014175e-19
8.675163708686828613e+03 3.142835927857970041e-18
8.677452051877975464e+03 4.124689388791063255e-18
8.679740395069122314e+03 4.376318558310306826e-18
8.682028738260269165e+03 4.367817623155099361e-18
8.684317081451416016e+03 2.766077906306911143e-18
8.686605424642562866e+03 -3.027451573634759088e-19
8.688893767833709717e+03 -2.634689364989600780e-18
8.691182111024856567e+03 -3.013294687643643727e-18
8.693470454216003418e+03 -1.475323978578393519e-18
8.695758797407150269e+03 1.344132719837177053e-18
8.698047140598297119e+03 4.212488406958972995e-18
8.700335483789443970e+03 6.061031521632770421e-18
8.702623826980590820e+03 5.982125935820724558e-18
8.704912170171737671e+03 4.711310576372338251e-18
8.707200513362884521e+03 4.263012598773711925e-18
8.709488856554031372e+03 3.735024868142339466e-18
8.711777199745178223e+03 5.389652445405636891e-19
8.714065542936325073e+03 -2.401002776932398070e-18
8.716353886127471924e+03 -3.605294487911074074e-20
8.718642229318618774e+03 2.259434950997010149e-18
8.720930572509765625e+03 -3.535234280431181586e-18
8.723218915700912476e+03 -1.048200377095052734e-17
8.725507258892059326e+03 -8.928772820354592601e-18
8.727795602083206177e+03 -3.381449824028997999e-18
8.730083945274353027e+03 -4.344153536793605776e-19
8.732372288465499878e+03 1.159757780214287104e-18
8.734660631656646729e+03 3.360503542967623955e-18
8.736948974847793579e+03 5.680255056665928915e-18
8.739237318038940430e+03 7.545248725771874678e-18
8.741525661230087280e+03 8.833939871847838190e-18
8.743814004421234131e+03 9.151448186892642545e-18
8.746102347612380981e+03 6.700865238019581687e-18
8.748390690803527832e+03 1.411291100180051094e-18
8.750679033994674683e+03 -1.750691577316683879e-18
8.752967377185821533e+03 -1.161456498999741315e-18
8.755255720376968384e+03 -3.837204007669177316e-18
8.757544063568115234e+03 -9.634842610701281282e-18
8.759832406759262085e+03 -4.824583035094124754e-18
8.762120749950408936e+03 1.104288599300129605e-17
8.764409093141555786e+03 1.907438291569511741e-17
8.766697436332702637e+03 1.702432164660084511e-17
8.768985779523849487e+03 2.264340090670418975e-17
8.771274122714996338e+03 3.189673292964498872e-17
8.773562465906143188e+03 2.067984618607071308e-17
8.775850809097290039e+03 -2.415619058356210069e-18
8.778139152288436890e+03 -5.448380200945370473e-18
8.780427495479583740e+03 6.770496061213376727e-18
8.782715838670730591e+03 8.526819290935474757e-18
8.785004181861877441e+03 1.296493113613563669e-18
8.787292525053024292e+03 -1.618833714399326242e-18
8.789580868244171143e+03 -5.531735191272339072e-19
8.791869211435317993e+03 -1.471983409674598117e-19
8.794157554626464844e+03 -1.842945867811986653e-19
8.796445897817611694e+03 4.839775861404886214e-19
8.798734241008758545e+03 1.068674441424235568e-18
8.801022584199905396e+03 6.592774755642710194e-19
8.803310927391052246e+03 -9.384137608721412580e-19
8.805599270582199097e+03 -3.413312200839081210e-18
8.807887613773345947e+03 -2.974549134161353634e-18
8.810175956964492798e+03 2.410033934860252026e-18
8.812464300155639648e+03 4.293667498684620854e-18
8.814752643346786499e+03 -3.100458017510806465e-18
8.817040986537933350e+03 -1.217499102194035887e-17
8.819329329729080200e+03 -1.699117486509462018e-17
8.821617672920227051e+03 -2.050434492986656231e-17
8.823906016111373901e+03 -2.287130240035234973e-17
8.826194359302520752e+03 -1.595493924196984072e-17
8.828482702493667603e+03 -2.304352512619864658e-19
8.830771045684814453e+03 7.908495165607186145e-18
8.833059388875961304e+03 2.839934588455086464e-18
8.835347732067108154e+03 -5.248056081739115890e-18
8.837636075258255005e+03 -8.422424134547607346e-18
8.839924418449401855e+03 -3.201888196691765833e-19
8.842212761640548706e+03 1.320801883864965769e-17
8.844501104831695557e+03 1.330773959739598795e-17
8.846789448022842407e+03 9.418086135036354527e-19
8.849077791213989258e+03 -7.218275810158238581e-18
8.851366134405136108e+03 -6.996392882647014437e-18
8.853654477596282959e+03 -2.097171272930698613e-18
8.855942820787429810e+03 5.508176673836522567e-18
8.858231163978576660e+03 1.429744961978710982e-17
8.860519507169723511e+03 1.819417506279376534e-17
8.862807850360870361e+03 1.044216427110813587e-17
8.865096193552017212e+03 -9.021732204773914404e-19
8.867384536743164062e+03 -3.757472482015497255e-18
8.869672879934310913e+03 6.444700637201709864e-19
8.871961223125457764e+03 7.382370245715283105e-18
8.874249566316604614e+03 1.378873602460883545e-17
8.876537909507751465e+03 1.752901266246027409e-17
8.878826252698898315e+03 1.807987690011241309e-17
8.881114595890045166e+03 1.553323594824540678e-17
8.883402939081192017e+03 7.659253239335770612e-18
8.885691282272338867e+03 -4.977203648374446232e-18
8.887979625463485718e+03 -9.610250531090079769e-18
8.890267968654632568e+03 2.568520137562975307e-19
8.892556311845779419e+03 8.833961378543764569e-18
8.894844655036926270e+03 6.125546232737924985e-18
8.897132998228073120e+03 -8.452682091162067391e-20
8.899421341419219971e+03 -3.617464718715384344e-18
8.901709684610366821e+03 -2.142686265750969546e-18
8.903998027801513672e+03 3.456023464973103656e-18
8.906286370992660522e+03 6.492932711539064355e-18
8.908574714183807373e+03 4.083489176841022052e-18
8.910863057374954224e+03 -1.520228512106600318e-18
8.913151400566101074e+03 -6.955296895454154916e-18
8.915439743757247925e+03 -7.612601079968392404e-18
8.917728086948394775e+03 -2.986037018508490083e-18
8.920016430139541626e+03 4.069699662439456804e-18
8.922304773330688477e+03 8.843555846468767137e-18
8.924593116521835327e+03 4.968667971633511539e-18
8.926881459712982178e+03 -1.424745089445649520e-18
8.929169802904129028e+03 2.908678674032224658e-18
8.931458146095275879e+03 1.081496381983782225e-17
8.933746489286422729e+03 6.765650850775347367e-18
8.936034832477569580e+03 -2.632466937478823933e-18
8.938323175668716431e+03 -4.083083031160258516e-18
8.940611518859863281e+03 1.125574334605380097e-18
8.942899862051010132e+03 7.649405654143326817e-18
8.945188205242156982e+03 8.779491535207147696e-18
8.947476548433303833e+03 -6.364474457541723093e-19
8.949764891624450684e+03 -1.162820230316626865e-17
8.952053234815597534e+03 -1.455261994950869290e-17
8.954341578006744385e+03 -1.107423448385583069e-17
8.956629921197891235e+03 -4.781614310994445179e-18
8.958918264389038086e+03 -4.023948819747031689e-19
8.961206607580184937e+03 -7.589239948506246365e-19
8.963494950771331787e+03 -6.158209216983382958e-19
8.965783293962478638e+03 3.299512207681639013e-18
8.968071637153625488e+03 7.252372195007674382e-18
8.970359980344772339e+03 8.287663177872918289e-18
8.972648323535919189e+03 4.851511486345482294e-18
8.974936666727066040e+03 -1.093722917938413213e-18
8.977225009918212891e+03 -4.890893038321249096e-19
8.979513353109359741e+03 6.931779323458659787e-18
8.981801696300506592e+03 7.839950016967366954e-18
8.984090039491653442e+03 1.294662356122830680e-18
8.986378382682800293e+03 1.135108521743242863e-18
8.988666725873947144e+03 7.893124495464725785e-18
8.990955069065093994e+03 1.026877728854967063e-17
8.993243412256240845e+03 6.542072616598695794e-18
8.995531755447387695e+03 1.200975983342651335e-18
8.997820098638534546e+03 -6.446168753542020777e-20
9.000108441829681396e+03 9.485902951146820778e-18
